(1)    24
(2)    38
(3)    10
(4)    7
(5)    66
(6)    9
(7)    7
(8)    1
(9)    28
(10)    18
(11)    32
(12)    8
(13)    14
(14)    3
(15)    14
(16)    9
(17)    1
(18)    22
(19)    315
(20)    128
(21)    27
(22)    36
(23)    12
(24)    3
(25)    8
(26)    66
(27)    18
(28)    48
(29)    9
(30)    18
(31)    1
(32)    2
(33)    8
(34)    0
(35)    15
(36)    7
(37)    97
(38)    32
(39)    2
(40)    2
(41)    12
(42)    6
(43)    5
(44)    0
(45)    20
(46)    2
(47)    6
(48)    36
(49)    14
(50)    12
(51)    45
(52)    40
(53)    24
(54)    10
(55)    6
(56)    14
(57)    12
(58)    15
(59)    6
(60)    18
(61)    21
(62)    46
(63)    0
(64)    14
(65)    6
(66)    2
(67)    12
(68)    35
(69)    55
(70)    38
(71)    4
(72)    11
(73)    12
(74)    14
(75)    10
(76)    14
(77)    18
(78)    15
(79)    5
(80)    0
(81)    9
(82)    10
(83)    22
(84)    6
(85)    30
(86)    16
(87)    50
(88)    5
(89)    42
(90)    72
(91)    1
(92)    12
(93)    7
(94)    70
(95)    1
(96)    18
(97)    5
(98)    21
(99)    20
(100)    63
(101)    1
(102)    30
(103)    3
(104)    48
(105)    7
(106)    2
(107)    16
(108)    13
(109)    48
(110)    7
(111)    90
(112)    2
(113)    4
(114)    8
(115)    1
(116)    46
(117)    51
(118)    14
(119)    5
(120)    34
(121)    2
(122)    12
(123)    576
(124)    10
(125)    15
(126)    36
(127)    64
(128)    18
(129)    20
(130)    77
(131)    9
(132)    11
(133)    8
(134)    20
(135)    11
(136)    112
(137)    4
(138)    32
(139)    15
(140)    29
(141)    108
(142)    54
(143)    14
(144)    15
(145)    16
(146)    3
(147)    2
(148)    1
(149)    10
(150)    39
(151)    64
(152)    18
(153)    2
(154)    9
(155)    68
(156)    20
(157)    19
(158)    8
(159)    81
(160)    10
(161)    16
(162)    10
(163)    48
(164)    16
(165)    1
(166)    14
(167)    3
(168)    35
(169)    27
(170)    11
(171)    12
(172)    1
(173)    8
(174)    79
(175)    6
(176)    8
(177)    5
(178)    2
(179)    14
(180)    25
(181)    2
(182)    0
(183)    8
(184)    8
(185)    60
(186)    4
(187)    12
(188)    4
(189)    45
(190)    7
(191)    28
(192)    14
(193)    14
(194)    50
(195)    8
(196)    5
(197)    9
(198)    5
(199)    42
(200)    19
(201)    15
(202)    3
(203)    3
(204)    24
(205)    0
(206)    9
(207)    7
(208)    15
(209)    8
(210)    24
(211)    17
(212)    2
(213)    13
(214)    12
(215)    18
(216)    3
(217)    1
(218)    6
(219)    2
(220)    9
(221)    12
(222)    8
(223)    20
(224)    10
(225)    12
(226)    36
(227)    36
(228)    14
(229)    18
(230)    8
(231)    15
(232)    2
(233)    2
(234)    54
(235)    44
(236)    43
(237)    16
(238)    32
(239)    12
(240)    13
(241)    55
(242)    4
(243)    5
(244)    9
(245)    3
(246)    1
(247)    10
(248)    46
(249)    4
(250)    12
(251)    2
(252)    3
(253)    54
(254)    31
(255)    7
(256)    14
(257)    16
(258)    8
(259)    1
(260)    5
(261)    13
(262)    0
(263)    4
(264)    81
(265)    8
(266)    10
(267)    1
(268)    21
(269)    2
(270)    11
(271)    0
(272)    105
(273)    2
(274)    35
(275)    9
(276)    1
(277)    72
(278)    1
(279)    8
(280)    5
(281)    80
(282)    1
(283)    5
(284)    9
(285)    25
(286)    8
(287)    4
(288)    8
(289)    17
(290)    7
(291)    2
(292)    6
(293)    199
(294)    3
(295)    28
(296)    30
(297)    69
(298)    56
(299)    4
(300)    34
(301)    16
(302)    2
(303)    1
(304)    2
(305)    3
(306)    9
(307)    35
(308)    4
(309)    5
(310)    10
(311)    4
(312)    39
(313)    5
(314)    4
(315)    63
(316)    27
(317)    30
(318)    4
(319)    12
(320)    8
(321)    18
(322)    54
(323)    11
(324)    24
(325)    2
(326)    4
(327)    6
(328)    3
(329)    15
(330)    0
(331)    50
(332)    7
(333)    6
(334)    1
(335)    10
(336)    6
(337)    9
(338)    6
(339)    9
(340)    3
(341)    4
(342)    6
(343)    21
(344)    14
(345)    7
(346)    5
(347)    20
(348)    6
(349)    29
(350)    9
(351)    7
(352)    48
(353)    6
(354)    17
(355)    1
(356)    11
(357)    9
(358)    22
(359)    5
(360)    50
(361)    42
(362)    24
(363)    3
(364)    16
(365)    2
(366)    16
(367)    0
(368)    8
(369)    1
(370)    10
(371)    16
(372)    5
(373)    7
(374)    8
(375)    5
(376)    16
(377)    8
(378)    24
(379)    40
(380)    45
(381)    64
(382)    28
(383)    4
(384)    20
(385)    63
(386)    29
(387)    18
(388)    7
(389)    26
(390)    168
(391)    14
(392)    2
(393)    21
(394)    17
(395)    36
(396)    2
(397)    17
(398)    27
(399)    81
(400)    6
(401)    10
(402)    67
(403)    1
(404)    13
(405)    12
(406)    5
(407)    4
(408)    20
(409)    15
(410)    32
(411)    8
(412)    72
(413)    7
(414)    36
(415)    11
(416)    198
(417)    20
(418)    42
(419)    81
(420)    126
(421)    6
(422)    12
(423)    6
(424)    9
(425)    1
(426)    10
(427)    4
(428)    40
(429)    16
(430)    20
(431)    9
(432)    8
(433)    135
(434)    18
(435)    17
(436)    7
(437)    14
(438)    9
(439)    13
(440)    6
(441)    13
(442)    9
(443)    72
(444)    0
(445)    61
(446)    19
(447)    14
(448)    40
(449)    2
(450)    2
(451)    12
(452)    16
(453)    56
(454)    17
(455)    81
(456)    4
(457)    15
(458)    9
(459)    27
(460)    81
(461)    20
(462)    14
(463)    3
(464)    31
(465)    1
(466)    3
(467)    8
(468)    9
(469)    4
(470)    17
(471)    10
(472)    4
(473)    1
(474)    73
(475)    14
(476)    9
(477)    64
(478)    15
(479)    7
(480)    0
(481)    13
(482)    14
(483)    0
(484)    10
(485)    21
(486)    16
(487)    6
(488)    21
(489)    76
(490)    18
(491)    5
(492)    1
(493)    81
(494)    34
(495)    10
(496)    42
(497)    85
(498)    7
(499)    0
(500)    3
(501)    7
(502)    16
(503)    7
(504)    13
(505)    8
(506)    18
(507)    10
(508)    24
(509)    13
(510)    15
(511)    10
(512)    8
(513)    30
(514)    1512
(515)    9
(516)    0
(517)    8
(518)    3
(519)    9
(520)    0
(521)    19
(522)    63
(523)    32
(524)    8
(525)    58
(526)    8
(527)    56
(528)    18
(529)    245
(530)    0
(531)    3
(532)    1
(533)    14
(534)    10
(535)    5
(536)    30
(537)    33
(538)    38
(539)    5
(540)    14
(541)    5
(542)    8
(543)    7
(544)    10
(545)    2
(546)    48
(547)    5
(548)    14
(549)    36
(550)    24
(551)    3
(552)    13
(553)    11
(554)    6
(555)    26
(556)    15
(557)    10
(558)    1
(559)    2
(560)    4
(561)    4
(562)    29
(563)    37
(564)    27
(565)    40
(566)    2
(567)    5
(568)    8
(569)    15
(570)    1
(571)    16
(572)    5
(573)    56
(574)    17
(575)    10
(576)    7
(577)    3
(578)    4
(579)    42
(580)    59
(581)    4
(582)    5
(583)    17
(584)    68
(585)    1
(586)    1
(587)    3
(588)    1
(589)    14
(590)    27
(591)    30
(592)    45
(593)    22
(594)    12
(595)    9
(596)    81
(597)    22
(598)    45
(599)    10
(600)    3
(601)    90
(602)    18
(603)    10
(604)    76
(605)    10
(606)    18
(607)    29
(608)    8
(609)    729
(610)    10
(611)    0
(612)    15
(613)    4
(614)    10
(615)    6
(616)    38
(617)    37
(618)    23
(619)    1
(620)    5
(621)    16
(622)    17
(623)    6
(624)    9
(625)    21
(626)    8
(627)    378
(628)    5
(629)    67
(630)    1176
(631)    48
(632)    9
(633)    1
(634)    5
(635)    10
(636)    20
(637)    21
(638)    10
(639)    14
(640)    36
(641)    15
(642)    2
(643)    2
(644)    1
(645)    8
(646)    16
(647)    23
(648)    61
(649)    7
(650)    5
(651)    3
(652)    8
(653)    108
(654)    168
(655)    2
(656)    111
(657)    3
(658)    24
(659)    68
(660)    4
(661)    0
(662)    12
(663)    15
(664)    1
(665)    14
(666)    45
(667)    210
(668)    4
(669)    45
(670)    1
(671)    6
(672)    6
(673)    32
(674)    16
(675)    2
(676)    2
(677)    17
(678)    1
(679)    56
(680)    1
(681)    40
(682)    33
(683)    8
(684)    43
(685)    49
(686)    44
(687)    36
(688)    81
(689)    7
(690)    13
(691)    14
(692)    48
(693)    12
(694)    36
(695)    1176
(696)    11
(697)    20
(698)    1
(699)    15
(700)    18
(701)    15
(702)    23
(703)    45
(704)    1728
(705)    4
(706)    65
(707)    8
(708)    1
(709)    3
(710)    273
(711)    72
(712)    4
(713)    6
(714)    35
(715)    3
(716)    9
(717)    4
(718)    9
(719)    60
(720)    329
(721)    9
(722)    58
(723)    1
(724)    18
(725)    7
(726)    0
(727)    7
(728)    28
(729)    10
(730)    7
(731)    36
(732)    12
(733)    183
(734)    6
(735)    20
(736)    6
(737)    11
(738)    1
(739)    32
(740)    36
(741)    7
(742)    8
(743)    7
(744)    210
(745)    4
(746)    3
(747)    59
(748)    20
(749)    18
(750)    6
(751)    63
(752)    11
(753)    2
(754)    37
(755)    12
(756)    1
(757)    32
(758)    15
(759)    64
(760)    8
(761)    41
(762)    19
(763)    16
(764)    2
(765)    30
(766)    13
(767)    147
(768)    0
(769)    0
(770)    19
(771)    69
(772)    49
(773)    14
(774)    22
(775)    73
(776)    12
(777)    13
(778)    45
(779)    18
(780)    50
(781)    14
(782)    4
(783)    29
(784)    15
(785)    11
(786)    54
(787)    27
(788)    1
(789)    9
(790)    15
(791)    13
(792)    27
(793)    7
(794)    12
(795)    5
(796)    6
(797)    49
(798)    26
(799)    4
(800)    50
(801)    75
(802)    3
(803)    10
(804)    3
(805)    10
(806)    1
(807)    43
(808)    4
(809)    13
(810)    1
(811)    12
(812)    17
(813)    8
(814)    32
(815)    16
(816)    24
(817)    20
(818)    6
(819)    10
(820)    61
(821)    0
(822)    17
(823)    0
(824)    2
(825)    39
(826)    210
(827)    3
(828)    50
(829)    2
(830)    128
(831)    4
(832)    10
(833)    3
(834)    62
(835)    6
(836)    1
(837)    76
(838)    12
(839)    16
(840)    2
(841)    102
(842)    10
(843)    6
(844)    3
(845)    48
(846)    3
(847)    16
(848)    7
(849)    7
(850)    5
(851)    7
(852)    3
(853)    1
(854)    1
(855)    23
(856)    8
(857)    12
(858)    1
(859)    8
(860)    5
(861)    21
(862)    15
(863)    6
(864)    17
(865)    22
(866)    1
(867)    7
(868)    6
(869)    6
(870)    0
(871)    6
(872)    7
(873)    4
(874)    4
(875)    29
(876)    8
(877)    36
(878)    24
(879)    30
(880)    7
(881)    21
(882)    6
(883)    1
(884)    8
(885)    64
(886)    16
(887)    2
(888)    75
(889)    3
(890)    4
(891)    12
(892)    0
(893)    13
(894)    5
(895)    8
(896)    7
(897)    360
(898)    40
(899)    14
(900)    2
(901)    9
(902)    14
(903)    9
(904)    29
(905)    6
(906)    1
(907)    7
(908)    8
(909)    18
(910)    13
(911)    3
(912)    18
(913)    14
(914)    4
(915)    9
(916)    12
(917)    6
(918)    20
(919)    49
(920)    5
(921)    42
(922)    2
(923)    1
(924)    20
(925)    8
(926)    22
(927)    15
(928)    252
(929)    6
(930)    12
(931)    4
(932)    1
(933)    1
(934)    13
(935)    13
(936)    9
(937)    24
(938)    9
(939)    28
(940)    14
(941)    23
(942)    11
(943)    12
(944)    1
(945)    3
(946)    6
(947)    9
(948)    13
(949)    9
(950)    17
(951)    8
(952)    2
(953)    23
(954)    113
(955)    6
(956)    8
(957)    9
(958)    20
(959)    8
(960)    56
(961)    5
(962)    56
(963)    1
(964)    3
(965)    2
(966)    18
(967)    41
(968)    22
(969)    15
(970)    7
(971)    16
(972)    6
(973)    76
(974)    5
(975)    16
(976)    3
(977)    1
(978)    33
(979)    0
(980)    14
(981)    17
(982)    47
(983)    7
(984)    10
(985)    4
(986)    4
(987)    9
(988)    9
(989)    13
(990)    17
(991)    6
(992)    36
(993)    7
(994)    2
(995)    9
(996)    4
(997)    90
(998)    6
(999)    4
(1000)    3
